import { RepeatWrapping, TextureLoader, Vector3, Vector4 } from 'three';

import matteHullVert from './brushes/MatteHull-79348357-432d-4746-8e29-0e25c112e3aa/MatteHull-79348357-432d-4746-8e29-0e25c112e3aa-v10.0-vertex.glsl';
import matteHullFrag from './brushes/MatteHull-79348357-432d-4746-8e29-0e25c112e3aa/MatteHull-79348357-432d-4746-8e29-0e25c112e3aa-v10.0-fragment.glsl';

import icingVert from './brushes/Icing-2f212815-f4d3-c1a4-681a-feeaf9c6dc37/Icing-2f212815-f4d3-c1a4-681a-feeaf9c6dc37-v10.0-vertex.glsl';
import icingFrag from './brushes/Icing-2f212815-f4d3-c1a4-681a-feeaf9c6dc37/Icing-2f212815-f4d3-c1a4-681a-feeaf9c6dc37-v10.0-fragment.glsl';

import lightVert from './brushes/Light-2241cd32-8ba2-48a5-9ee7-2caef7e9ed62/Light-2241cd32-8ba2-48a5-9ee7-2caef7e9ed62-v10.0-vertex.glsl';
import lightFrag from './brushes/Light-2241cd32-8ba2-48a5-9ee7-2caef7e9ed62/Light-2241cd32-8ba2-48a5-9ee7-2caef7e9ed62-v10.0-fragment.glsl';

import smokeVert from './brushes/Smoke-70d79cca-b159-4f35-990c-f02193947fe8/Smoke-70d79cca-b159-4f35-990c-f02193947fe8-v10.0-vertex.glsl';
import smokeFrag from './brushes/Smoke-70d79cca-b159-4f35-990c-f02193947fe8/Smoke-70d79cca-b159-4f35-990c-f02193947fe8-v10.0-fragment.glsl';

import splatterVert from './brushes/Splatter-7a1c8107-50c5-4b70-9a39-421576d6617e/Splatter-7a1c8107-50c5-4b70-9a39-421576d6617e-v10.0-vertex.glsl';
import splatterFrag from './brushes/Splatter-7a1c8107-50c5-4b70-9a39-421576d6617e/Splatter-7a1c8107-50c5-4b70-9a39-421576d6617e-v10.0-fragment.glsl';

import unlitHullVert from './brushes/UnlitHull-a8fea537-da7c-4d4b-817f-24f074725d6d/UnlitHull-a8fea537-da7c-4d4b-817f-24f074725d6d-v10.0-vertex.glsl';
import unlitHullFrag from './brushes/UnlitHull-a8fea537-da7c-4d4b-817f-24f074725d6d/UnlitHull-a8fea537-da7c-4d4b-817f-24f074725d6d-v10.0-fragment.glsl';

const TiltBrushShaders = {
	"MatteHull" : {
        uniforms: {
			u_SceneLight_0_matrix: { value: [0.2931, 0.5524, -0.7803, 0, -0.8769, 0.4805, 0.0107, 0, 0.3809, 0.6811, 0.6253, 0, -4.9937, 8.1874, -46.2828, 1] },
			u_SceneLight_1_matrix: { value: [0.1816, -0.1369, -0.9738, 0, -0.7915, -0.6080, -0.0621, 0, -0.5835, 0.7821, -0.2188, 0, -5.6205, 8.2530, -46.8315, 1] },
			u_ambient_light_color: { value: new Vector4(0.3922, 0.3922, 0.3922, 1) },
			u_SceneLight_0_color: { value: new Vector4(0.7780, 0.8157, 0.9914, 1) },
			u_SceneLight_1_color: { value: new Vector4(0.4282, 0.4212, 0.3459, 1) },
			u_fogColor: { value: new Vector3(0.0196, 0.0196, 0.0196) },
			u_fogDensity: { value: 0 }
		},
		vertexShader: matteHullVert,
		fragmentShader: matteHullFrag,
		side: 2,
		transparent: false,
		depthFunc: 2,
		depthWrite: true,
		depthTest: true,
		blending: 0,
    },
	"Icing" : {
        uniforms: {
			u_SceneLight_0_matrix: { value: [0.2931, 0.5524, -0.7803, 0, -0.8769, 0.4805, 0.0107, 0, 0.3809, 0.6811, 0.6253, 0, -4.9937, 8.1874, -46.2828, 1] },
			u_SceneLight_1_matrix: { value: [0.1816, -0.1369, -0.9738, 0, -0.7915, -0.6080, -0.0621, 0, -0.5835, 0.7821, -0.2188, 0, -5.6205, 8.2530, -46.8315, 1] },
			u_ambient_light_color: { value: new Vector4(0.3922, 0.3922, 0.3922, 1) },
			u_SceneLight_0_color: { value: new Vector4(0.7780, 0.8157, 0.9914, 1) },
			u_SceneLight_1_color: { value: new Vector4(0.4282, 0.4212, 0.3459, 1) },
			u_SpecColor: { value: new Vector3(0, 0, 0) },
			u_Shininess: { value: 0.1500 },
			u_fogColor: { value: new Vector3(0.0196, 0.0196, 0.0196) },
			u_fogDensity: { value: 0 },
			u_BumpMap_TexelSize: { value: new Vector4(0.0010, 0.0078, 1024, 128) },
			u_BumpMap: { value: new TextureLoader().load( 'https://www.tiltbrush.com/shaders/brushes/Icing-2f212815-f4d3-c1a4-681a-feeaf9c6dc37/Icing-2f212815-f4d3-c1a4-681a-feeaf9c6dc37-v10.0-BumpMap.png',
			function (texture) {
				texture.name = "Icing_BumpMap";
				texture.wrapS = RepeatWrapping;
				texture.wrapT = RepeatWrapping;
				texture.flipY = false;
			    }) 
		    },
			u_MainTex: { value: new TextureLoader().load( 'https://www.tiltbrush.com/shaders/brushes/Icing-2f212815-f4d3-c1a4-681a-feeaf9c6dc37/Icing-2f212815-f4d3-c1a4-681a-feeaf9c6dc37-v10.0-BumpMap.png',
			function (texture) {
				texture.name = "Icing_MainTex";
				texture.wrapS = RepeatWrapping;
				texture.wrapT = RepeatWrapping;
				texture.flipY = false;
			    }) 
		    },
			u_Cutoff: { value: 0.2 }
		},
		vertexShader: icingVert,
		fragmentShader: icingFrag,
		side: 0,
		transparent: false,
		depthFunc: 2,
		depthWrite: true,
		depthTest: true,
		blending: 0,
		extensions: { derivatives: true }
    },
    "Light" : {
        uniforms: {
			u_SceneLight_0_matrix: { value: [0.2931, 0.5524, -0.7803, 0, -0.8769, 0.4805, 0.0107, 0, 0.3809, 0.6811, 0.6253, 0, -4.9937, 8.1874, -46.2828, 1] },
			u_SceneLight_1_matrix: { value: [0.1816, -0.1369, -0.9738, 0, -0.7915, -0.6080, -0.0621, 0, -0.5835, 0.7821, -0.2188, 0, -5.6205, 8.2530, -46.8315, 1] },
			u_MainTex: { value: new TextureLoader().load( 'https://www.tiltbrush.com/shaders/brushes/Light-2241cd32-8ba2-48a5-9ee7-2caef7e9ed62/Light-2241cd32-8ba2-48a5-9ee7-2caef7e9ed62-v10.0-MainTex.png',
			function (texture) {
				texture.name = "Light_MainTex";
				texture.wrapS = RepeatWrapping;
				texture.wrapT = RepeatWrapping;
				texture.flipY = false;
			    }) 
		    },
			u_EmissionGain: { value: 0.45 },
		},
		vertexShader: lightVert,
		fragmentShader: lightFrag,
		side: 2,
		transparent: true,
		depthFunc: 2,
		depthWrite: true,
		depthTest: true,
		blending: 1,
		blendDst: 201,
		blendDstAlpha: 201,
		blendEquation: 100,
		blendEquationAlpha: 100,
		blendSrc: 201,
		blendSrcAlpha: 201,
    },
	"Smoke": {
		uniforms: {
			u_SceneLight_0_matrix: { value: [0.2931, 0.5524, -0.7803, 0, -0.8769, 0.4805, 0.0107, 0, 0.3809, 0.6811, 0.6253, 0, -4.9937, 8.1874, -46.2828, 1] },
			u_SceneLight_1_matrix: { value: [0.1816, -0.1369, -0.9738, 0, -0.7915, -0.6080, -0.0621, 0, -0.5835, 0.7821, -0.2188, 0, -5.6205, 8.2530, -46.8315, 1] },
			u_TintColor: { value: new Vector4(1, 1, 1, 1) },
			u_MainTex: { value: new TextureLoader().load( 'https://www.tiltbrush.com/shaders/brushes/Smoke-70d79cca-b159-4f35-990c-f02193947fe8/Smoke-70d79cca-b159-4f35-990c-f02193947fe8-v10.0-MainTex.png', 
				function (texture) {
					texture.name = "Smoke_MainTex";
					texture.wrapS = RepeatWrapping;
					texture.wrapT = RepeatWrapping;
					texture.flipY = false;
				}) 
			}
		},
		vertexShader: smokeVert,
		fragmentShader: smokeFrag,
		side: 2,
		transparent: true,
		depthFunc: 2,
		depthWrite: false,
		depthTest: true,
		blending: 5,
		blendDst: 201,
		blendDstAlpha: 201,
		blendEquation: 100,
		blendEquationAlpha: 100,
		blendSrc: 201,
		blendSrcAlpha: 201,
	},
	"Splatter" : {
        uniforms: {
			u_SceneLight_0_matrix: { value: [0.2931, 0.5524, -0.7803, 0, -0.8769, 0.4805, 0.0107, 0, 0.3809, 0.6811, 0.6253, 0, -4.9937, 8.1874, -46.2828, 1] },
			u_SceneLight_1_matrix: { value: [0.1816, -0.1369, -0.9738, 0, -0.7915, -0.6080, -0.0621, 0, -0.5835, 0.7821, -0.2188, 0, -5.6205, 8.2530, -46.8315, 1] },
			u_ambient_light_color: { value: new Vector4(0.3922, 0.3922, 0.3922, 1) },
			u_SceneLight_0_color: { value: new Vector4(0.7780, 0.8157, 0.9914, 1) },
			u_SceneLight_1_color: { value: new Vector4(0.4282, 0.4212, 0.3459, 1) },
			u_fogColor: { value: new Vector3(0.0196, 0.0196, 0.0196) },
			u_fogDensity: { value: 0 },
			u_MainTex: { value: new TextureLoader().load( 'https://www.tiltbrush.com/shaders/brushes/Splatter-7a1c8107-50c5-4b70-9a39-421576d6617e/Splatter-7a1c8107-50c5-4b70-9a39-421576d6617e-v10.0-MainTex.png',
			function (texture) {
				texture.name = "Splatter_MainTex";
				texture.wrapS = RepeatWrapping;
				texture.wrapT = RepeatWrapping;
				texture.flipY = false;
			    }) 
		    },
			u_Cutoff: { value: 0.2 },
		},
		vertexShader: splatterVert,
		fragmentShader: splatterFrag,
		side: 2,
		transparent: true,
		depthFunc: 2,
		depthWrite: true,
		depthTest: true,
		blending: 1,
		blendDst: 201,
		blendDstAlpha: 201,
		blendEquation: 100,
		blendEquationAlpha: 100,
		blendSrc: 201,
		blendSrcAlpha: 201,
    },
	"UnlitHull" : {
        uniforms: {
			u_fogColor: { value: new Vector3(0.0196, 0.0196, 0.0196) },
			u_fogDensity: { value: 0 }
		},
		vertexShader: unlitHullVert,
		fragmentShader: unlitHullFrag,
		side: 2,
		transparent: false,
		depthFunc: 2,
		depthWrite: true,
		depthTest: true,
		blending: 0,
    },
}

export { TiltBrushShaders };