import { RGBAFormat } from "three";
import { RepeatWrapping, TextureLoader, Vector3, Vector4 } from "three";

const BASE_URL = "https://storage.googleapis.com/static.icosa.gallery/brushes/";

const TiltBrushShaders = {
    "BlocksBasic" : {
    	uniforms: {
			u_SceneLight_0_matrix: { value: [0.2931, 0.5524, -0.7803, 0, -0.8769, 0.4805, 0.0107, 0, 0.3809, 0.6811, 0.6253, 0, -4.9937, 8.1874, -46.2828, 1] },
			u_SceneLight_1_matrix: { value: [0.1816, -0.1369, -0.9738, 0, -0.7915, -0.6080, -0.0621, 0, -0.5835, 0.7821, -0.2188, 0, -5.6205, 8.2530, -46.8315, 1] },
			u_ambient_light_color: { value: new Vector4(0.3922, 0.3922, 0.3922, 1) },
			u_SceneLight_0_color: { value: new Vector4(0.7780, 0.8157, 0.9914, 1) },
			u_SceneLight_1_color: { value: new Vector4(0.4282, 0.4212, 0.3459, 1) },
			u_SpecColor: { value: new Vector3(0, 0, 0) },
			u_Shininess: { value: 0.1500 },
			u_fogColor: { value: new Vector3(0.0196, 0.0196, 0.0196) },
			u_fogDensity: { value: 0 },
			u_Cutoff: { value: 0.2 }
		},
		vertexShader: BASE_URL + "BlocksBasic-0e87b49c-6546-3a34-3a44-8a556d7d6c3e/BlocksBasic-0e87b49c-6546-3a34-3a44-8a556d7d6c3e-v10.0-vertex.glsl",
		fragmentShader: BASE_URL + "BlocksBasic-0e87b49c-6546-3a34-3a44-8a556d7d6c3e/BlocksBasic-0e87b49c-6546-3a34-3a44-8a556d7d6c3e-v10.0-fragment.glsl",
		side: 2,
		transparent: false,
		depthFunc: 2,
		depthWrite: true,
		depthTest: true,
		blending: 0,
		extensions: { derivatives: true }
    },
    "BlocksGem" : {
    	uniforms: {
			u_SceneLight_0_matrix: {value: [0.2931, 0.5524, -0.7803, 0, -0.8769, 0.4805, 0.0107, 0, 0.3809, 0.6811, 0.6253, 0, -4.9937, 8.1874, -46.2828, 1]},
			u_SceneLight_1_matrix: {value: [0.1816, -0.1369, -0.9738, 0, -0.7915, -0.6080, -0.0621, 0, -0.5835, 0.7821, -0.2188, 0, -5.6205, 8.2530, -46.8315, 1]},
			u_ambient_light_color: {value: new Vector4(0.3922, 0.3922, 0.3922, 1)},
			u_SceneLight_0_color: {value: new Vector4(0.7780, 0.8157, 0.9914, 1)},
			u_SceneLight_1_color: {value: new Vector4(0.4282, 0.4212, 0.3459, 1)},
			u_SpecColor: {value: new Vector3(0, 0, 0)},
			u_Shininess: {value: 0.1500},
			u_fogColor: {value: new Vector3(0.0196, 0.0196, 0.0196)},
			u_fogDensity: {value: 0},
			u_Cutoff: { value: 0.2 }
		},
		vertexShader: BASE_URL + "BlocksGem-232998f8-d357-47a2-993a-53415df9be10/BlocksGem-232998f8-d357-47a2-993a-53415df9be10-v10.0-vertex.glsl",
		fragmentShader: BASE_URL + "BlocksGem-232998f8-d357-47a2-993a-53415df9be10/BlocksGem-232998f8-d357-47a2-993a-53415df9be10-v10.0-fragment.glsl",
		side: 2,
		transparent: false,
		depthFunc: 2,
		depthWrite: true,
		depthTest: true,
		blending: 0,
		extensions: { derivatives: true }
    },
    "BlocksGlass" : {
    	uniforms: {
			u_SceneLight_0_matrix: { value: [0.2931, 0.5524, -0.7803, 0, -0.8769, 0.4805, 0.0107, 0, 0.3809, 0.6811, 0.6253, 0, -4.9937, 8.1874, -46.2828, 1] },
			u_SceneLight_1_matrix: { value: [0.1816, -0.1369, -0.9738, 0, -0.7915, -0.6080, -0.0621, 0, -0.5835, 0.7821, -0.2188, 0, -5.6205, 8.2530, -46.8315, 1] },
			u_ambient_light_color: { value: new Vector4(0.3922, 0.3922, 0.3922, 1) },
			u_SceneLight_0_color: { value: new Vector4(0.7780, 0.8157, 0.9914, 1) },
			u_SceneLight_1_color: { value: new Vector4(0.4282, 0.4212, 0.3459, 1) },
			u_SpecColor: { value: new Vector3(0, 0, 0) },
			u_Shininess: { value: 0.1500 },
			u_fogColor: { value: new Vector3(0.0196, 0.0196, 0.0196) },
			u_fogDensity: { value: 0 },
			u_Cutoff: { value: 0.2 }
		},
		vertexShader: BASE_URL + "BlocksGlass-3d813d82-5839-4450-8ddc-8e889ecd96c7/BlocksGlass-3d813d82-5839-4450-8ddc-8e889ecd96c7-v10.0-vertex.glsl",
		fragmentShader: BASE_URL + "BlocksGlass-3d813d82-5839-4450-8ddc-8e889ecd96c7/BlocksGlass-3d813d82-5839-4450-8ddc-8e889ecd96c7-v10.0-fragment.glsl",
		side: 2,
		transparent: false,
		depthFunc: 2,
		depthWrite: false,
		depthTest: true,
		blending: 2,
		extensions: { derivatives: true }
    },
    "Bubbles" : {
    	uniforms: {
			u_SceneLight_0_matrix: { value: [0.2931, 0.5524, -0.7803, 0, -0.8769, 0.4805, 0.0107, 0, 0.3809, 0.6811, 0.6253, 0, -4.9937, 8.1874, -46.2828, 1] },
			u_SceneLight_1_matrix: { value: [0.1816, -0.1369, -0.9738, 0, -0.7915, -0.6080, -0.0621, 0, -0.5835, 0.7821, -0.2188, 0, -5.6205, 8.2530, -46.8315, 1] },
			u_MainTex: { value: new TextureLoader().load( BASE_URL + "Bubbles-89d104cd-d012-426b-b5b3-bbaee63ac43c/Bubbles-89d104cd-d012-426b-b5b3-bbaee63ac43c-v10.0-MainTex.png",
				function (texture) {
					texture.name = "Bubbles_MainTex";
					texture.wrapS = RepeatWrapping;
					texture.wrapT = RepeatWrapping;
					texture.flipY = false;
				})
			},
		},
		vertexShader: BASE_URL + "Bubbles-89d104cd-d012-426b-b5b3-bbaee63ac43c/Bubbles-89d104cd-d012-426b-b5b3-bbaee63ac43c-v10.0-vertex.glsl",
		fragmentShader: BASE_URL + "Bubbles-89d104cd-d012-426b-b5b3-bbaee63ac43c/Bubbles-89d104cd-d012-426b-b5b3-bbaee63ac43c-v10.0-fragment.glsl",
		side: 2,
		transparent: true,
		depthFunc: 2,
		depthWrite: false,
		depthTest: true,
		blending: 2
    },
    "CelVinyl" : {
    	uniforms: {
			u_SceneLight_0_matrix: { value: [0.2931, 0.5524, -0.7803, 0, -0.8769, 0.4805, 0.0107, 0, 0.3809, 0.6811, 0.6253, 0, -4.9937, 8.1874, -46.2828, 1] },
			u_SceneLight_1_matrix: { value: [0.1816, -0.1369, -0.9738, 0, -0.7915, -0.6080, -0.0621, 0, -0.5835, 0.7821, -0.2188, 0, -5.6205, 8.2530, -46.8315, 1] },
			u_ambient_light_color: { value: new Vector4(0.3922, 0.3922, 0.3922, 1) },
			u_SceneLight_0_color: { value: new Vector4(0.7780, 0.8157, 0.9914, 1) },
			u_SceneLight_1_color: { value: new Vector4(0.4282, 0.4212, 0.3459, 1) },
			u_SpecColor: { value: new Vector3(0, 0, 0) },
			u_Shininess: { value: 0.1500 },
			u_fogColor: { value: new Vector3(0.0196, 0.0196, 0.0196) },
			u_fogDensity: { value: 0 },
			u_MainTex: { value: new TextureLoader().load( BASE_URL + "CelVinyl-700f3aa8-9a7c-2384-8b8a-ea028905dd8c/CelVinyl-700f3aa8-9a7c-2384-8b8a-ea028905dd8c-v10.0-MainTex.png",
				function (texture) {
					texture.name = "CelVinyl_MainTex";
					texture.wrapS = RepeatWrapping;
					texture.wrapT = RepeatWrapping;
					texture.flipY = false;
				})
			},
			u_Cutoff: { value: 0.2 }
		},
		vertexShader: BASE_URL + "CelVinyl-700f3aa8-9a7c-2384-8b8a-ea028905dd8c/CelVinyl-700f3aa8-9a7c-2384-8b8a-ea028905dd8c-v10.0-vertex.glsl",
		fragmentShader: BASE_URL + "CelVinyl-700f3aa8-9a7c-2384-8b8a-ea028905dd8c/CelVinyl-700f3aa8-9a7c-2384-8b8a-ea028905dd8c-v10.0-fragment.glsl",
		side: 2,
		transparent: false,
		depthFunc: 2,
		depthWrite: true,
		depthTest: true,
		blending: 0,
		extensions: { derivatives: true }
    },
	"ChromaticWave" : {
        uniforms: {
			u_SceneLight_0_matrix: { value: [0.2931, 0.5524, -0.7803, 0, -0.8769, 0.4805, 0.0107, 0, 0.3809, 0.6811, 0.6253, 0, -4.9937, 8.1874, -46.2828, 1] },
			u_SceneLight_1_matrix: { value: [0.1816, -0.1369, -0.9738, 0, -0.7915, -0.6080, -0.0621, 0, -0.5835, 0.7821, -0.2188, 0, -5.6205, 8.2530, -46.8315, 1] },
			u_SceneLight_0_color: { value: new Vector4(0.7780, 0.8157, 0.9914, 1) },
			u_SceneLight_1_color: { value: new Vector4(0.4282, 0.4212, 0.3459, 1) },
			u_time: { value: new Vector4() },
			u_EmissionGain: { value: 0.45 },
		},
		vertexShader: BASE_URL + "ChromaticWave-0f0ff7b2-a677-45eb-a7d6-0cd7206f4816/ChromaticWave-0f0ff7b2-a677-45eb-a7d6-0cd7206f4816-v10.0-vertex.glsl",
		fragmentShader: BASE_URL + "ChromaticWave-0f0ff7b2-a677-45eb-a7d6-0cd7206f4816/ChromaticWave-0f0ff7b2-a677-45eb-a7d6-0cd7206f4816-v10.0-fragment.glsl",
		side: 2,
		transparent: true,
		depthFunc: 2,
		depthWrite: false,
		depthTest: true,
		blending: 5,
		blendDstAlpha: 201,
		blendDst: 201,
		blendEquationAlpha: 100,
		blendEquation: 100,
		blendSrcAlpha: 201,
		blendSrc: 201,
	},
    "CoarseBristles" : {
    	uniforms: {
			u_SceneLight_0_matrix: { value: [0.2931, 0.5524, -0.7803, 0, -0.8769, 0.4805, 0.0107, 0, 0.3809, 0.6811, 0.6253, 0, -4.9937, 8.1874, -46.2828, 1] },
			u_SceneLight_1_matrix: { value: [0.1816, -0.1369, -0.9738, 0, -0.7915, -0.6080, -0.0621, 0, -0.5835, 0.7821, -0.2188, 0, -5.6205, 8.2530, -46.8315, 1] },
			u_ambient_light_color: { value: new Vector4(0.3922, 0.3922, 0.3922, 1) },
			u_SceneLight_0_color: { value: new Vector4(0.7780, 0.8157, 0.9914, 1) },
			u_SceneLight_1_color: { value: new Vector4(0.4282, 0.4212, 0.3459, 1) },
			u_SpecColor: { value: new Vector3(0, 0, 0) },
			u_Shininess: { value: 0.1500 },
			u_fogColor: { value: new Vector3(0.0196, 0.0196, 0.0196) },
			u_fogDensity: { value: 0 },
			u_MainTex: { value: new TextureLoader().load( BASE_URL + "CoarseBristles-1161af82-50cf-47db-9706-0c3576d43c43/CoarseBristles-1161af82-50cf-47db-9706-0c3576d43c43-v10.0-MainTex.png",
				function (texture) {
					texture.name = "CoarseBristles_MainTex";
					texture.wrapS = RepeatWrapping;
					texture.wrapT = RepeatWrapping;
					texture.flipY = false;
				})
			},
			u_Cutoff: { value: 0.2 }
		},
		vertexShader: BASE_URL + "CoarseBristles-1161af82-50cf-47db-9706-0c3576d43c43/CoarseBristles-1161af82-50cf-47db-9706-0c3576d43c43-v10.0-vertex.glsl",
		fragmentShader: BASE_URL + "CoarseBristles-1161af82-50cf-47db-9706-0c3576d43c43/CoarseBristles-1161af82-50cf-47db-9706-0c3576d43c43-v10.0-fragment.glsl",
		side: 2,
		transparent: false,
		depthFunc: 2,
		depthWrite: true,
		depthTest: true,
		blending: 0,
		extensions: { derivatives: true }
    },
    "Comet" : {
    	uniforms: {
			u_SceneLight_0_matrix: { value: [0.2931, 0.5524, -0.7803, 0, -0.8769, 0.4805, 0.0107, 0, 0.3809, 0.6811, 0.6253, 0, -4.9937, 8.1874, -46.2828, 1] },
			u_SceneLight_1_matrix: { value: [0.1816, -0.1369, -0.9738, 0, -0.7915, -0.6080, -0.0621, 0, -0.5835, 0.7821, -0.2188, 0, -5.6205, 8.2530, -46.8315, 1] },
			u_ambient_light_color: { value: new Vector4(0.3922, 0.3922, 0.3922, 1) },
			u_SceneLight_0_color: { value: new Vector4(0.7780, 0.8157, 0.9914, 1) },
			u_SceneLight_1_color: { value: new Vector4(0.4282, 0.4212, 0.3459, 1) },
			u_SpecColor: { value: new Vector3(0, 0, 0) },
			u_Shininess: { value: 0.1500 },
			u_time: { value: new Vector4() },
			u_Speed: { value: 1 },
			u_fogColor: { value: new Vector3(0.0196, 0.0196, 0.0196) },
			u_fogDensity: { value: 0 },
			u_MainTex: { value: new TextureLoader().load( BASE_URL + "Comet-1caa6d7d-f015-3f54-3a4b-8b5354d39f81/Comet-1caa6d7d-f015-3f54-3a4b-8b5354d39f81-v10.0-MainTex.png",
				function (texture) {
					texture.name = "Comet_MainTex";
					texture.wrapS = RepeatWrapping;
					texture.wrapT = RepeatWrapping;
					texture.flipY = false;
				})
			},
			u_AlphaMask: { value: new TextureLoader().load( BASE_URL + "Comet-1caa6d7d-f015-3f54-3a4b-8b5354d39f81/Comet-1caa6d7d-f015-3f54-3a4b-8b5354d39f81-v10.0-AlphaMask.png",
				function (texture) {
					texture.name = "Comet_AlphaMask";
					texture.wrapS = RepeatWrapping;
					texture.wrapT = RepeatWrapping;
					texture.flipY = false;
				})
			},
			u_AlphaMask_TexelSize: { value: new Vector4(0.0156, 1, 64, 1)},
			u_Cutoff: { value: 0.2 }
		},
		vertexShader: BASE_URL + "Comet-1caa6d7d-f015-3f54-3a4b-8b5354d39f81/Comet-1caa6d7d-f015-3f54-3a4b-8b5354d39f81-v10.0-vertex.glsl",
		fragmentShader: BASE_URL + "Comet-1caa6d7d-f015-3f54-3a4b-8b5354d39f81/Comet-1caa6d7d-f015-3f54-3a4b-8b5354d39f81-v10.0-fragment.glsl",
		side: 2,
		transparent: true,
		depthFunc: 2,
		depthWrite: false,
		depthTest: true,
		blending: 2,
		extensions: { derivatives: true }
    },
	"DiamondHull" : {
        uniforms: {
			u_SceneLight_0_matrix: { value: [0.2931, 0.5524, -0.7803, 0, -0.8769, 0.4805, 0.0107, 0, 0.3809, 0.6811, 0.6253, 0, -4.9937, 8.1874, -46.2828, 1] },
			u_SceneLight_1_matrix: { value: [0.1816, -0.1369, -0.9738, 0, -0.7915, -0.6080, -0.0621, 0, -0.5835, 0.7821, -0.2188, 0, -5.6205, 8.2530, -46.8315, 1] },
			u_time: { value: new Vector4() },
			u_ambient_light_color: { value: new Vector4(0.3922, 0.3922, 0.3922, 1) },
			u_SceneLight_0_color: { value: new Vector4(0.7780, 0.8157, 0.9914, 1) },
			u_SceneLight_1_color: { value: new Vector4(0.4282, 0.4212, 0.3459, 1) },
			cameraPosition: { value: new Vector3() },
			u_fogColor: { value: new Vector3(0.0196, 0.0196, 0.0196) },
			u_fogDensity: { value: 0 },
			u_MainTex: { value: new TextureLoader().load( BASE_URL + "DiamondHull-c8313697-2563-47fc-832e-290f4c04b901/DiamondHull-c8313697-2563-47fc-832e-290f4c04b901-v10.0-MainTex.png",
				function (texture) {
					texture.name = "DiamondHull_MainTex";
					texture.wrapS = RepeatWrapping;
					texture.wrapT = RepeatWrapping;
					texture.flipY = false;
			    })
		    },
		},
		vertexShader: BASE_URL + "DiamondHull-c8313697-2563-47fc-832e-290f4c04b901/DiamondHull-c8313697-2563-47fc-832e-290f4c04b901-v10.0-vertex.glsl",
		fragmentShader: BASE_URL + "DiamondHull-c8313697-2563-47fc-832e-290f4c04b901/DiamondHull-c8313697-2563-47fc-832e-290f4c04b901-v10.0-fragment.glsl",
		side: 2,
		transparent: true,
		depthFunc: 2,
		depthWrite: false,
		depthTest: true,
		blending: 5,
		blendDstAlpha: 201,
		blendDst: 201,
		blendEquationAlpha: 100,
		blendEquation: 100,
		blendSrcAlpha: 201,
		blendSrc: 201,
    },
    "Disco" : {
        uniforms: {
			u_SceneLight_0_matrix: { value: [0.2931, 0.5524, -0.7803, 0, -0.8769, 0.4805, 0.0107, 0, 0.3809, 0.6811, 0.6253, 0, -4.9937, 8.1874, -46.2828, 1] },
			u_SceneLight_1_matrix: { value: [0.1816, -0.1369, -0.9738, 0, -0.7915, -0.6080, -0.0621, 0, -0.5835, 0.7821, -0.2188, 0, -5.6205, 8.2530, -46.8315, 1] },
			u_time: { value: new Vector4() },
			u_ambient_light_color: { value: new Vector4(0.3922, 0.3922, 0.3922, 1) },
			u_SceneLight_0_color: { value: new Vector4(0.7780, 0.8157, 0.9914, 1) },
			u_SceneLight_1_color: { value: new Vector4(0.4282, 0.4212, 0.3459, 1) },
			u_Shininess: { value: 0.6500 },
			u_SpecColor: { value: new Vector3(0.5147, 0.5147, 0.5147) },
			u_fogColor: { value: new Vector3(0.0196, 0.0196, 0.0196) },
			u_fogDensity: { value: 0 }
		},
		vertexShader: BASE_URL + "Disco-4391aaaa-df73-4396-9e33-31e4e4930b27/Disco-4391aaaa-df73-4396-9e33-31e4e4930b27-v10.0-vertex.glsl",
		fragmentShader: BASE_URL + "Disco-4391aaaa-df73-4396-9e33-31e4e4930b27/Disco-4391aaaa-df73-4396-9e33-31e4e4930b27-v10.0-fragment.glsl",
		side: 2,
		transparent: false,
		depthFunc: 2,
		depthWrite: true,
		depthTest: true,
		blending: 0
    },
    "DotMarker" : {
    	uniforms: {
			u_SceneLight_0_matrix: { value: [0.2931, 0.5524, -0.7803, 0, -0.8769, 0.4805, 0.0107, 0, 0.3809, 0.6811, 0.6253, 0, -4.9937, 8.1874, -46.2828, 1] },
			u_SceneLight_1_matrix: { value: [0.1816, -0.1369, -0.9738, 0, -0.7915, -0.6080, -0.0621, 0, -0.5835, 0.7821, -0.2188, 0, -5.6205, 8.2530, -46.8315, 1] },
			u_ambient_light_color: { value: new Vector4(0.3922, 0.3922, 0.3922, 1) },
			u_SceneLight_0_color: { value: new Vector4(0.7780, 0.8157, 0.9914, 1) },
			u_SceneLight_1_color: { value: new Vector4(0.4282, 0.4212, 0.3459, 1) },
			u_SpecColor: { value: new Vector3(0, 0, 0) },
			u_Shininess: { value: 0.1500 },
			u_fogColor: { value: new Vector3(0.0196, 0.0196, 0.0196) },
			u_fogDensity: { value: 0 },
			u_MainTex: { value: new TextureLoader().load( BASE_URL + "DotMarker-d1d991f2-e7a0-4cf1-b328-f57e915e6260/DotMarker-d1d991f2-e7a0-4cf1-b328-f57e915e6260-v10.0-MainTex.png",
				function (texture) {
					texture.name = "DotMarker_MainTex";
					texture.wrapS = RepeatWrapping;
					texture.wrapT = RepeatWrapping;
					texture.flipY = false;
			    })
		    },
			u_Cutoff: { value: 0.2 }
		},
		vertexShader: BASE_URL + "DotMarker-d1d991f2-e7a0-4cf1-b328-f57e915e6260/DotMarker-d1d991f2-e7a0-4cf1-b328-f57e915e6260-v10.0-vertex.glsl",
		fragmentShader: BASE_URL + "DotMarker-d1d991f2-e7a0-4cf1-b328-f57e915e6260/DotMarker-d1d991f2-e7a0-4cf1-b328-f57e915e6260-v10.0-fragment.glsl",
		side: 2,
		transparent: false,
		depthFunc: 2,
		depthWrite: true,
		depthTest: true,
		blending: 0,
		extensions: { derivatives: true }
    },
    "Dots" : {
    	uniforms: {
			u_SceneLight_0_matrix: { value: [0.2931, 0.5524, -0.7803, 0, -0.8769, 0.4805, 0.0107, 0, 0.3809, 0.6811, 0.6253, 0, -4.9937, 8.1874, -46.2828, 1] },
			u_SceneLight_1_matrix: { value: [0.1816, -0.1369, -0.9738, 0, -0.7915, -0.6080, -0.0621, 0, -0.5835, 0.7821, -0.2188, 0, -5.6205, 8.2530, -46.8315, 1] },
			u_TintColor: { value: new Vector4(1, 1, 1, 1) },
			u_EmissionGain: { value: 300 },
			u_BaseGain: { value: 0.4 },
			u_MainTex: { value: new TextureLoader().load( BASE_URL + "Dots-6a1cf9f9-032c-45ec-9b1d-a6680bee30f7/Dots-6a1cf9f9-032c-45ec-9b1d-a6680bee30f7-v10.0-MainTex.png",
				function (texture) {
					texture.name = "Dots_MainTex";
					texture.wrapS = RepeatWrapping;
					texture.wrapT = RepeatWrapping;
					texture.flipY = false;
			    })
		    }
		},
		vertexShader: BASE_URL + "Dots-6a1cf9f9-032c-45ec-9b1d-a6680bee30f7/Dots-6a1cf9f9-032c-45ec-9b1d-a6680bee30f7-v10.0-vertex.glsl",
		fragmentShader: BASE_URL + "Dots-6a1cf9f9-032c-45ec-9b1d-a6680bee30f7/Dots-6a1cf9f9-032c-45ec-9b1d-a6680bee30f7-v10.0-fragment.glsl",
		side: 2,
		transparent: true,
		depthFunc: 2,
		depthWrite: false,
		depthTest: true,
		blending: 2
    },
    "DoubleTaperedFlat" : {
        uniforms: {
			u_SceneLight_0_matrix: { value: [0.2931, 0.5524, -0.7803, 0, -0.8769, 0.4805, 0.0107, 0, 0.3809, 0.6811, 0.6253, 0, -4.9937, 8.1874, -46.2828, 1] },
			u_SceneLight_1_matrix: { value: [0.1816, -0.1369, -0.9738, 0, -0.7915, -0.6080, -0.0621, 0, -0.5835, 0.7821, -0.2188, 0, -5.6205, 8.2530, -46.8315, 1] },
			u_ambient_light_color: { value: new Vector4(0.3922, 0.3922, 0.3922, 1) },
			u_SceneLight_0_color: { value: new Vector4(0.7780, 0.8157, 0.9914, 1) },
			u_SceneLight_1_color: { value: new Vector4(0.4282, 0.4212, 0.3459, 1) },
			u_SpecColor: { value: new Vector3(0, 0, 0) },
			u_Shininess: { value: 0.1500 },
			u_fogColor: { value: new Vector3(0.0196, 0.0196, 0.0196) },
			u_fogDensity: { value: 0 },
			u_Cutoff: { value: 0.2 }
		},
		vertexShader: BASE_URL + "DoubleTaperedFlat-0d3889f3-3ede-470c-8af4-f44813306126/DoubleTaperedFlat-0d3889f3-3ede-470c-8af4-f44813306126-v10.0-vertex.glsl",
		fragmentShader: BASE_URL + "DoubleTaperedFlat-0d3889f3-3ede-470c-8af4-f44813306126/DoubleTaperedFlat-0d3889f3-3ede-470c-8af4-f44813306126-v10.0-fragment.glsl",
		side: 2,
		transparent: false,
		depthFunc: 2,
		depthWrite: true,
		depthTest: true,
		blending: 0,
		extensions: { derivatives: true }
	},
    "DoubleTaperedMarker" : {
    	uniforms: {
			u_SceneLight_0_matrix: { value: [0.2931, 0.5524, -0.7803, 0, -0.8769, 0.4805, 0.0107, 0, 0.3809, 0.6811, 0.6253, 0, -4.9937, 8.1874, -46.2828, 1] },
			u_SceneLight_1_matrix: { value: [0.1816, -0.1369, -0.9738, 0, -0.7915, -0.6080, -0.0621, 0, -0.5835, 0.7821, -0.2188, 0, -5.6205, 8.2530, -46.8315, 1] },
			u_ambient_light_color: { value: new Vector4(0.3922, 0.3922, 0.3922, 1) },
			u_SceneLight_0_color: { value: new Vector4(0.7780, 0.8157, 0.9914, 1) },
			u_SceneLight_1_color: { value: new Vector4(0.4282, 0.4212, 0.3459, 1) },
			u_SpecColor: { value: new Vector3(0, 0, 0) },
			u_Shininess: { value: 0.1500 },
			u_fogColor: { value: new Vector3(0.0196, 0.0196, 0.0196) },
			u_fogDensity: { value: 0 },
			u_Cutoff: { value: 0.2 }
		},
		vertexShader: BASE_URL + "DoubleTaperedMarker-0d3889f3-3ede-470c-8af4-de4813306126/DoubleTaperedMarker-0d3889f3-3ede-470c-8af4-de4813306126-v10.0-vertex.glsl",
		fragmentShader: BASE_URL + "DoubleTaperedMarker-0d3889f3-3ede-470c-8af4-de4813306126/DoubleTaperedMarker-0d3889f3-3ede-470c-8af4-de4813306126-v10.0-fragment.glsl",
		side: 2,
		transparent: false,
		depthFunc: 2,
		depthWrite: true,
		depthTest: true,
		blending: 0,
		extensions: { derivatives: true }
    },
    "DuctTape" : {
    	uniforms: {
			u_SceneLight_0_matrix: { value: [0.2931, 0.5524, -0.7803, 0, -0.8769, 0.4805, 0.0107, 0, 0.3809, 0.6811, 0.6253, 0, -4.9937, 8.1874, -46.2828, 1] },
			u_SceneLight_1_matrix: { value: [0.1816, -0.1369, -0.9738, 0, -0.7915, -0.6080, -0.0621, 0, -0.5835, 0.7821, -0.2188, 0, -5.6205, 8.2530, -46.8315, 1] },
			u_ambient_light_color: { value: new Vector4(0.3922, 0.3922, 0.3922, 1) },
			u_SceneLight_0_color: { value: new Vector4(0.7780, 0.8157, 0.9914, 1) },
			u_SceneLight_1_color: { value: new Vector4(0.4282, 0.4212, 0.3459, 1) },
			u_SpecColor: { value: new Vector3(0, 0, 0) },
			u_Shininess: { value: 0.1500 },
			u_fogColor: { value: new Vector3(0.0196, 0.0196, 0.0196) },
			u_fogDensity: { value: 0 },
			u_BumpMap_TexelSize: { value: new Vector4(0.0010, 0.0078, 1024, 128) },
			u_BumpMap: { value: new TextureLoader().load( BASE_URL + "DuctTape-3ca16e2f-bdcd-4da2-8631-dcef342f40f1/DuctTape-3ca16e2f-bdcd-4da2-8631-dcef342f40f1-v10.0-BumpMap.png",
				function (texture) {
					texture.name = "DuctTape_BumpMap";
					texture.wrapS = RepeatWrapping;
					texture.wrapT = RepeatWrapping;
					texture.flipY = false;
			    })
		    },
			u_MainTex: { value: new TextureLoader().load( BASE_URL + "DuctTape-3ca16e2f-bdcd-4da2-8631-dcef342f40f1/DuctTape-3ca16e2f-bdcd-4da2-8631-dcef342f40f1-v10.0-MainTex.png",
				function (texture) {
					texture.name = "DuctTape_MainTex";
					texture.wrapS = RepeatWrapping;
					texture.wrapT = RepeatWrapping;
					texture.flipY = false;
			    })
		    },
			u_Cutoff: { value: 0.2 }
		},
		vertexShader: BASE_URL + "DuctTape-d0262945-853c-4481-9cbd-88586bed93cb/DuctTape-d0262945-853c-4481-9cbd-88586bed93cb-v10.0-vertex.glsl",
		fragmentShader: BASE_URL + "DuctTape-d0262945-853c-4481-9cbd-88586bed93cb/DuctTape-d0262945-853c-4481-9cbd-88586bed93cb-v10.0-fragment.glsl",
		side: 2,
		transparent: false,
		depthFunc: 2,
		depthWrite: true,
		depthTest: true,
		blending: 0,
		extensions: { derivatives: true }
    },
    "Electricity" : {
    	uniforms: {
			u_time: { value: new Vector4() },
			u_DisplacementIntensity: { value: 2 },
			u_EmissionGain: { value: 0.2 }
		},
		vertexShader: BASE_URL + "Electricity-f6e85de3-6dcc-4e7f-87fd-cee8c3d25d51/Electricity-f6e85de3-6dcc-4e7f-87fd-cee8c3d25d51-v10.0-vertex.glsl",
		fragmentShader: BASE_URL + "Electricity-f6e85de3-6dcc-4e7f-87fd-cee8c3d25d51/Electricity-f6e85de3-6dcc-4e7f-87fd-cee8c3d25d51-v10.0-fragment.glsl",
		side: 2,
		transparent: true,
		depthFunc: 2,
		depthWrite: false,
		depthTest: true,
		blending: 2,
		extensions: { derivatives: true }
    },
    "Embers" : {
    	uniforms: {
			u_time: { value: new Vector4() },
			u_ScrollRate: { value: 0.6 },
			u_ScrollDistance: { value: new Vector3(-0.2, 0.6, 0) },
			u_ScrollJitterIntensity: { value: 0.03 },
			u_ScrollJitterFrequency: { value: 5 },
			u_TintColor: { value: new Vector4(1, 1, 1, 1) },
			u_MainTex: { value: new TextureLoader().load( BASE_URL + "Embers-02ffb866-7fb2-4d15-b761-1012cefb1360/Embers-02ffb866-7fb2-4d15-b761-1012cefb1360-v10.0-MainTex.png",
				function (texture) {
					texture.name = "Embers_MainTex";
					texture.wrapS = RepeatWrapping;
					texture.wrapT = RepeatWrapping;
					texture.flipY = false;
			    })
		    },
			u_Cutoff: { value: 0.2 }
		},
		vertexShader: BASE_URL + "Embers-02ffb866-7fb2-4d15-b761-1012cefb1360/Embers-02ffb866-7fb2-4d15-b761-1012cefb1360-v10.0-vertex.glsl",
		fragmentShader: BASE_URL + "Embers-02ffb866-7fb2-4d15-b761-1012cefb1360/Embers-02ffb866-7fb2-4d15-b761-1012cefb1360-v10.0-fragment.glsl",
		side: 2,
		transparent: true,
		depthFunc: 2,
		depthWrite: false,
		depthTest: true,
		blending: 2
    },
    "EnvironmentDiffuse" : {
    	uniforms: {
			u_SceneLight_0_matrix: { value: [0.2931, 0.5524, -0.7803, 0, -0.8769, 0.4805, 0.0107, 0, 0.3809, 0.6811, 0.6253, 0, -4.9937, 8.1874, -46.2828, 1] },
			u_SceneLight_1_matrix: { value: [0.1816, -0.1369, -0.9738, 0, -0.7915, -0.6080, -0.0621, 0, -0.5835, 0.7821, -0.2188, 0, -5.6205, 8.2530, -46.8315, 1] },
			u_ambient_light_color: { value: new Vector4(0.3922, 0.3922, 0.3922, 1) },
			u_SceneLight_0_color: { value: new Vector4(0.7780, 0.8157, 0.9914, 1) },
			u_SceneLight_1_color: { value: new Vector4(0.4282, 0.4212, 0.3459, 1) },
			u_SpecColor: { value: new Vector3(0, 0, 0) },
			u_Shininess: { value: 0.1500 },
			u_fogColor: { value: new Vector3(0.0196, 0.0196, 0.0196) },
			u_fogDensity: { value: 0 },
			u_Cutoff: { value: 0.2 }
		},
		vertexShader: BASE_URL + "EnvironmentDiffuse-0ad58bbd-42bc-484e-ad9a-b61036ff4ce7/EnvironmentDiffuse-0ad58bbd-42bc-484e-ad9a-b61036ff4ce7-v1.0-vertex.glsl",
		fragmentShader: BASE_URL + "EnvironmentDiffuse-0ad58bbd-42bc-484e-ad9a-b61036ff4ce7/EnvironmentDiffuse-0ad58bbd-42bc-484e-ad9a-b61036ff4ce7-v1.0-fragment.glsl",
		side: 2,
		transparent: false,
		depthFunc: 2,
		depthWrite: true,
		depthTest: true,
		blending: 0,
		extensions: { derivatives: true }
    },
    "EnvironmentDiffuseLightMap" : {
    	uniforms: {
			u_SceneLight_0_matrix: { value: [0.2931, 0.5524, -0.7803, 0, -0.8769, 0.4805, 0.0107, 0, 0.3809, 0.6811, 0.6253, 0, -4.9937, 8.1874, -46.2828, 1] },
			u_SceneLight_1_matrix: { value: [0.1816, -0.1369, -0.9738, 0, -0.7915, -0.6080, -0.0621, 0, -0.5835, 0.7821, -0.2188, 0, -5.6205, 8.2530, -46.8315, 1] },
			u_ambient_light_color: { value: new Vector4(0.3922, 0.3922, 0.3922, 1) },
			u_SceneLight_0_color: { value: new Vector4(0.7780, 0.8157, 0.9914, 1) },
			u_SceneLight_1_color: { value: new Vector4(0.4282, 0.4212, 0.3459, 1) },
			u_SpecColor: { value: new Vector3(0, 0, 0) },
			u_Shininess: { value: 0.1500 },
			u_fogColor: { value: new Vector3(0.0196, 0.0196, 0.0196) },
			u_fogDensity: { value: 0 },
			u_Cutoff: { value: 0.2 }
		},
		vertexShader: BASE_URL + "EnvironmentDiffuseLightMap-d01d9d6c-9a61-4aba-8146-5891fafb013b/EnvironmentDiffuseLightMap-d01d9d6c-9a61-4aba-8146-5891fafb013b-v1.0-vertex.glsl",
		fragmentShader: BASE_URL + "EnvironmentDiffuseLightMap-d01d9d6c-9a61-4aba-8146-5891fafb013b/EnvironmentDiffuseLightMap-d01d9d6c-9a61-4aba-8146-5891fafb013b-v1.0-fragment.glsl",
		side: 2,
		transparent: false,
		depthFunc: 2,
		depthWrite: true,
		depthTest: true,
		blending: 0,
		extensions: { derivatives: true }
    },
    "Fire" : {
    	uniforms: {
			u_SceneLight_0_matrix: { value: [0.2931, 0.5524, -0.7803, 0, -0.8769, 0.4805, 0.0107, 0, 0.3809, 0.6811, 0.6253, 0, -4.9937, 8.1874, -46.2828, 1] },
			u_SceneLight_1_matrix: { value: [0.1816, -0.1369, -0.9738, 0, -0.7915, -0.6080, -0.0621, 0, -0.5835, 0.7821, -0.2188, 0, -5.6205, 8.2530, -46.8315, 1] },
			u_time: { value: new Vector4() },
			u_EmissionGain: { value: 0.5 },
			u_MainTex: { value: new TextureLoader().load( BASE_URL + "Fire-cb92b597-94ca-4255-b017-0e3f42f12f9e/Fire-cb92b597-94ca-4255-b017-0e3f42f12f9e-v10.0-MainTex.png",
				function (texture) {
					texture.name = "Fire_MainTex";
					texture.wrapS = RepeatWrapping;
					texture.wrapT = RepeatWrapping;
					texture.flipY = false;
			    })
		    }
		},
		vertexShader: BASE_URL + "Fire-cb92b597-94ca-4255-b017-0e3f42f12f9e/Fire-cb92b597-94ca-4255-b017-0e3f42f12f9e-v10.0-vertex.glsl",
		fragmentShader: BASE_URL + "Fire-cb92b597-94ca-4255-b017-0e3f42f12f9e/Fire-cb92b597-94ca-4255-b017-0e3f42f12f9e-v10.0-fragment.glsl",
		side: 2,
		transparent: true,
		depthFunc: 2,
		depthWrite: false,
		depthTest: true,
		blending: 5,
		blendDstAlpha: 201,
		blendDst: 201,
		blendEquationAlpha: 100,
		blendEquation: 100,
		blendSrcAlpha: 201,
		blendSrc: 201
    },
    "Flat" : {
    	uniforms: {
			u_SceneLight_0_matrix: { value: [0.2931, 0.5524, -0.7803, 0, -0.8769, 0.4805, 0.0107, 0, 0.3809, 0.6811, 0.6253, 0, -4.9937, 8.1874, -46.2828, 1] },
			u_SceneLight_1_matrix: { value: [0.1816, -0.1369, -0.9738, 0, -0.7915, -0.6080, -0.0621, 0, -0.5835, 0.7821, -0.2188, 0, -5.6205, 8.2530, -46.8315, 1] },
			u_ambient_light_color: { value: new Vector4(0.3922, 0.3922, 0.3922, 1) },
			u_SceneLight_0_color: { value: new Vector4(0.7780, 0.8157, 0.9914, 1) },
			u_SceneLight_1_color: { value: new Vector4(0.4282, 0.4212, 0.3459, 1) },
			u_SpecColor: { value: new Vector3(0, 0, 0) },
			u_Shininess: { value: 0.1500 },
			u_fogColor: { value: new Vector3(0.0196, 0.0196, 0.0196) },
			u_fogDensity: { value: 0 },
			u_Cutoff: { value: 0.2 }
		},
		vertexShader: BASE_URL + "Flat-2d35bcf0-e4d8-452c-97b1-3311be063130/Flat-2d35bcf0-e4d8-452c-97b1-3311be063130-v10.0-vertex.glsl",
		fragmentShader: BASE_URL + "Flat-2d35bcf0-e4d8-452c-97b1-3311be063130/Flat-2d35bcf0-e4d8-452c-97b1-3311be063130-v10.0-fragment.glsl",
		side: 2,
		transparent: false,
		depthFunc: 2,
		depthWrite: true,
		depthTest: true,
		blending: 5,
		blendDstAlpha: 201,
		blendDst: 201,
		blendEquationAlpha: 100,
		blendEquation: 100,
		blendSrcAlpha: 201,
		blendSrc: 201,
    },
    "Highlighter" : {
    	uniforms: {
			u_SceneLight_0_matrix: { value: [0.2931, 0.5524, -0.7803, 0, -0.8769, 0.4805, 0.0107, 0, 0.3809, 0.6811, 0.6253, 0, -4.9937, 8.1874, -46.2828, 1] },
			u_SceneLight_1_matrix: { value: [0.1816, -0.1369, -0.9738, 0, -0.7915, -0.6080, -0.0621, 0, -0.5835, 0.7821, -0.2188, 0, -5.6205, 8.2530, -46.8315, 1] },
			u_ambient_light_color: { value: new Vector4(0.3922, 0.3922, 0.3922, 1) },
			u_SceneLight_0_color: { value: new Vector4(0.7780, 0.8157, 0.9914, 1) },
			u_SceneLight_1_color: { value: new Vector4(0.4282, 0.4212, 0.3459, 1) },
			u_SpecColor: { value: new Vector3(0, 0, 0) },
			u_Shininess: { value: 0.1500 },
			u_fogColor: { value: new Vector3(0.0196, 0.0196, 0.0196) },
			u_fogDensity: { value: 0 },
			u_MainTex: { value: new TextureLoader().load( BASE_URL + "Highlighter-cf019139-d41c-4eb0-a1d0-5cf54b0a42f3/Highlighter-cf019139-d41c-4eb0-a1d0-5cf54b0a42f3-v10.0-MainTex.png",
				function (texture) {
					texture.name = "Highlighter_MainTex";
					texture.wrapS = RepeatWrapping;
					texture.wrapT = RepeatWrapping;
					texture.flipY = false;
			    })
		    },
			u_Cutoff: { value: 0.2 }
		},
		vertexShader: BASE_URL + "Highlighter-cf019139-d41c-4eb0-a1d0-5cf54b0a42f3/Highlighter-cf019139-d41c-4eb0-a1d0-5cf54b0a42f3-v10.0-vertex.glsl",
		fragmentShader: BASE_URL + "Highlighter-cf019139-d41c-4eb0-a1d0-5cf54b0a42f3/Highlighter-cf019139-d41c-4eb0-a1d0-5cf54b0a42f3-v10.0-fragment.glsl",
		side: 2,
		transparent: false,
		depthFunc: 2,
		depthWrite: false,
		depthTest: true,
		blending: 2,
		extensions: { derivatives: true }
    },
    "Hypercolor" : {
    	uniforms: {
			u_SceneLight_0_matrix: { value: [0.2931, 0.5524, -0.7803, 0, -0.8769, 0.4805, 0.0107, 0, 0.3809, 0.6811, 0.6253, 0, -4.9937, 8.1874, -46.2828, 1] },
			u_SceneLight_1_matrix: { value: [0.1816, -0.1369, -0.9738, 0, -0.7915, -0.6080, -0.0621, 0, -0.5835, 0.7821, -0.2188, 0, -5.6205, 8.2530, -46.8315, 1] },
			u_ambient_light_color: { value: new Vector4(0.3922, 0.3922, 0.3922, 1) },
			u_SceneLight_0_color: { value: new Vector4(0.7780, 0.8157, 0.9914, 1) },
			u_SceneLight_1_color: { value: new Vector4(0.4282, 0.4212, 0.3459, 1) },
			u_SpecColor: { value: new Vector3(0, 0, 0) },
			u_Shininess: { value: 0.1500 },
			u_time: { value: new Vector4() },
			u_fogColor: { value: new Vector3(0.0196, 0.0196, 0.0196) },
			u_fogDensity: { value: 0 },
			u_BumpMap_TexelSize: { value: new Vector4(0.0010, 0.0078, 1024, 128) },
			u_BumpMap: { value: new TextureLoader().load( BASE_URL + "Hypercolor-dce872c2-7b49-4684-b59b-c45387949c5c/Hypercolor-dce872c2-7b49-4684-b59b-c45387949c5c-v10.0-BumpMap.png",
				function (texture) {
					texture.name = "Hypercolor_BumpMap";
					texture.wrapS = RepeatWrapping;
					texture.wrapT = RepeatWrapping;
					texture.flipY = false;
			    })
		    },
			u_MainTex: { value: new TextureLoader().load( BASE_URL + "Hypercolor-dce872c2-7b49-4684-b59b-c45387949c5c/Hypercolor-dce872c2-7b49-4684-b59b-c45387949c5c-v10.0-MainTex.png",
				function (texture) {
					texture.name = "Hypercolor_MainTex";
					texture.wrapS = RepeatWrapping;
					texture.wrapT = RepeatWrapping;
					texture.flipY = false;
			    })
		    },
			u_Cutoff: { value: 0.2 }
		},
		vertexShader: BASE_URL + "Hypercolor-dce872c2-7b49-4684-b59b-c45387949c5c/Hypercolor-dce872c2-7b49-4684-b59b-c45387949c5c-v10.0-vertex.glsl",
		fragmentShader: BASE_URL + "Hypercolor-dce872c2-7b49-4684-b59b-c45387949c5c/Hypercolor-dce872c2-7b49-4684-b59b-c45387949c5c-v10.0-fragment.glsl",
		side: 2,
		transparent: false,
		depthFunc: 2,
		depthWrite: true,
		depthTest: true,
		blending: 0,
		extensions: { derivatives: true }
    },
    "HyperGrid" : {
    	uniforms: {
			u_SceneLight_0_matrix: { value: [0.2931, 0.5524, -0.7803, 0, -0.8769, 0.4805, 0.0107, 0, 0.3809, 0.6811, 0.6253, 0, -4.9937, 8.1874, -46.2828, 1] },
			u_SceneLight_1_matrix: { value: [0.1816, -0.1369, -0.9738, 0, -0.7915, -0.6080, -0.0621, 0, -0.5835, 0.7821, -0.2188, 0, -5.6205, 8.2530, -46.8315, 1] },
			u_TintColor: { value: new Vector4(1, 1, 1, 1) },
			u_MainTex: { value: new TextureLoader().load( BASE_URL + "HyperGrid-6a1cf9f9-032c-45ec-9b6e-a6680bee32e9/HyperGrid-6a1cf9f9-032c-45ec-9b6e-a6680bee32e9-v10.0-MainTex.png",
				function (texture) {
					texture.name = "HyperGrid_MainTex";
					texture.wrapS = RepeatWrapping;
					texture.wrapT = RepeatWrapping;
					texture.flipY = false;
			    })
		    }
		},
		vertexShader: BASE_URL + "HyperGrid-6a1cf9f9-032c-45ec-9b6e-a6680bee32e9/HyperGrid-6a1cf9f9-032c-45ec-9b6e-a6680bee32e9-v10.0-vertex.glsl",
		fragmentShader: BASE_URL + "HyperGrid-6a1cf9f9-032c-45ec-9b6e-a6680bee32e9/HyperGrid-6a1cf9f9-032c-45ec-9b6e-a6680bee32e9-v10.0-fragment.glsl",
		side: 2,
		transparent: true,
		depthFunc: 2,
		depthWrite: false,
		depthTest: true,
		blending: 2,
		extensions: { derivatives: true }
    },
	"Icing" : {
        uniforms: {
			u_SceneLight_0_matrix: { value: [0.2931, 0.5524, -0.7803, 0, -0.8769, 0.4805, 0.0107, 0, 0.3809, 0.6811, 0.6253, 0, -4.9937, 8.1874, -46.2828, 1] },
			u_SceneLight_1_matrix: { value: [0.1816, -0.1369, -0.9738, 0, -0.7915, -0.6080, -0.0621, 0, -0.5835, 0.7821, -0.2188, 0, -5.6205, 8.2530, -46.8315, 1] },
			u_ambient_light_color: { value: new Vector4(0.3922, 0.3922, 0.3922, 1) },
			u_SceneLight_0_color: { value: new Vector4(0.7780, 0.8157, 0.9914, 1) },
			u_SceneLight_1_color: { value: new Vector4(0.4282, 0.4212, 0.3459, 1) },
			u_SpecColor: { value: new Vector3(0, 0, 0) },
			u_Shininess: { value: 0.1500 },
			u_fogColor: { value: new Vector3(0.0196, 0.0196, 0.0196) },
			u_fogDensity: { value: 0 },
			u_BumpMap_TexelSize: { value: new Vector4(0.0010, 0.0078, 1024, 128) },
			u_BumpMap: { value: new TextureLoader().load( BASE_URL + "Icing-2f212815-f4d3-c1a4-681a-feeaf9c6dc37/Icing-2f212815-f4d3-c1a4-681a-feeaf9c6dc37-v10.0-BumpMap.png",
				function (texture) {
					texture.name = "Icing_BumpMap";
					texture.wrapS = RepeatWrapping;
					texture.wrapT = RepeatWrapping;
					texture.flipY = false;
			    })
		    },
			u_MainTex: { value: new TextureLoader().load( BASE_URL + "Icing-2f212815-f4d3-c1a4-681a-feeaf9c6dc37/Icing-2f212815-f4d3-c1a4-681a-feeaf9c6dc37-v10.0-BumpMap.png",
				function (texture) {
					texture.name = "Icing_MainTex";
					texture.wrapS = RepeatWrapping;
					texture.wrapT = RepeatWrapping;
					texture.flipY = false;
			    })
		    },
			u_Cutoff: { value: 0.2 }
		},
		vertexShader: BASE_URL + "Icing-2f212815-f4d3-c1a4-681a-feeaf9c6dc37/Icing-2f212815-f4d3-c1a4-681a-feeaf9c6dc37-v10.0-vertex.glsl",
		fragmentShader: BASE_URL + "Icing-2f212815-f4d3-c1a4-681a-feeaf9c6dc37/Icing-2f212815-f4d3-c1a4-681a-feeaf9c6dc37-v10.0-fragment.glsl",
		side: 2,
		transparent: false,
		depthFunc: 2,
		depthWrite: true,
		depthTest: true,
		blending: 0,
		extensions: { derivatives: true }
    },
    "Ink" : {
    	uniforms: {
			u_SceneLight_0_matrix: { value: [0.2931, 0.5524, -0.7803, 0, -0.8769, 0.4805, 0.0107, 0, 0.3809, 0.6811, 0.6253, 0, -4.9937, 8.1874, -46.2828, 1] },
			u_SceneLight_1_matrix: { value: [0.1816, -0.1369, -0.9738, 0, -0.7915, -0.6080, -0.0621, 0, -0.5835, 0.7821, -0.2188, 0, -5.6205, 8.2530, -46.8315, 1] },
			u_ambient_light_color: { value: new Vector4(0.3922, 0.3922, 0.3922, 1) },
			u_SceneLight_0_color: { value: new Vector4(0.7780, 0.8157, 0.9914, 1) },
			u_SceneLight_1_color: { value: new Vector4(0.4282, 0.4212, 0.3459, 1) },
			u_SpecColor: { value: new Vector3(0, 0, 0) },
			u_Shininess: { value: 0.1500 },
			u_fogColor: { value: new Vector3(0.0196, 0.0196, 0.0196) },
			u_fogDensity: { value: 0 },
			u_BumpMap_TexelSize: { value: new Vector4(0.0010, 0.0078, 1024, 128) },
			u_BumpMap: { value: new TextureLoader().load( BASE_URL + "Ink-c0012095-3ffd-4040-8ee1-fc180d346eaa/Ink-c0012095-3ffd-4040-8ee1-fc180d346eaa-v10.0-BumpMap.png",
				function (texture) {
					texture.name = "Ink_BumpMap";
					texture.wrapS = RepeatWrapping;
					texture.wrapT = RepeatWrapping;
					texture.flipY = false;
			    })
		    },
			u_MainTex: { value: new TextureLoader().load( BASE_URL + "Ink-c0012095-3ffd-4040-8ee1-fc180d346eaa/Ink-c0012095-3ffd-4040-8ee1-fc180d346eaa-v10.0-MainTex.png",
				function (texture) {
					texture.name = "Ink_MainTex";
					texture.wrapS = RepeatWrapping;
					texture.wrapT = RepeatWrapping;
					texture.flipY = false;
			    })
		    },
			u_Cutoff: { value: 0.2 }
		},
		vertexShader: BASE_URL + "Ink-f5c336cf-5108-4b40-ade9-c687504385ab/Ink-f5c336cf-5108-4b40-ade9-c687504385ab-v10.0-vertex.glsl",
		fragmentShader: BASE_URL + "Ink-f5c336cf-5108-4b40-ade9-c687504385ab/Ink-f5c336cf-5108-4b40-ade9-c687504385ab-v10.0-fragment.glsl",
		side: 2,
		transparent: false,
		depthFunc: 2,
		depthWrite: true,
		depthTest: true,
		blending: 0,
		extensions: { derivatives: true }
    },
    "Leaves" : {
    	uniforms: {
			u_SceneLight_0_matrix: { value: [0.2931, 0.5524, -0.7803, 0, -0.8769, 0.4805, 0.0107, 0, 0.3809, 0.6811, 0.6253, 0, -4.9937, 8.1874, -46.2828, 1] },
			u_SceneLight_1_matrix: { value: [0.1816, -0.1369, -0.9738, 0, -0.7915, -0.6080, -0.0621, 0, -0.5835, 0.7821, -0.2188, 0, -5.6205, 8.2530, -46.8315, 1] },
			u_ambient_light_color: { value: new Vector4(0.3922, 0.3922, 0.3922, 1) },
			u_SceneLight_0_color: { value: new Vector4(0.7780, 0.8157, 0.9914, 1) },
			u_SceneLight_1_color: { value: new Vector4(0.4282, 0.4212, 0.3459, 1) },
			u_SpecColor: { value: new Vector3(0, 0, 0) },
			u_Shininess: { value: 0.1500 },
			u_fogColor: { value: new Vector3(0.0196, 0.0196, 0.0196) },
			u_fogDensity: { value: 0 },
			u_BumpMap_TexelSize: { value: new Vector4(0.0010, 0.0078, 1024, 128) },
			u_BumpMap: { value: new TextureLoader().load( BASE_URL + "Leaves-ea19de07-d0c0-4484-9198-18489a3c1487/Leaves-ea19de07-d0c0-4484-9198-18489a3c1487-v10.0-BumpMap.png",
			function (texture) {
				texture.name = "Leaves_BumpMap";
				texture.wrapS = RepeatWrapping;
				texture.wrapT = RepeatWrapping;
				texture.flipY = false;
			    })
		    },
			u_MainTex: { value: new TextureLoader().load( BASE_URL + "Leaves-ea19de07-d0c0-4484-9198-18489a3c1487/Leaves-ea19de07-d0c0-4484-9198-18489a3c1487-v10.0-MainTex.png",
				function (texture) {
					texture.name = "Leaves_MainTex";
					texture.wrapS = RepeatWrapping;
					texture.wrapT = RepeatWrapping;
					texture.flipY = false;
			    })
		    },
			u_Cutoff: { value: 0.2 }
		},
		vertexShader: BASE_URL + "Leaves-ea19de07-d0c0-4484-9198-18489a3c1487/Leaves-ea19de07-d0c0-4484-9198-18489a3c1487-v10.0-vertex.glsl",
		fragmentShader: BASE_URL + "Leaves-ea19de07-d0c0-4484-9198-18489a3c1487/Leaves-ea19de07-d0c0-4484-9198-18489a3c1487-v10.0-fragment.glsl",
		side: 2,
		transparent: false,
		depthFunc: 2,
		depthWrite: true,
		depthTest: true,
		blending: 0,
		extensions: { derivatives: true }
    },
	"Light" : {
        uniforms: {
			u_SceneLight_0_matrix: { value: [0.2931, 0.5524, -0.7803, 0, -0.8769, 0.4805, 0.0107, 0, 0.3809, 0.6811, 0.6253, 0, -4.9937, 8.1874, -46.2828, 1] },
			u_SceneLight_1_matrix: { value: [0.1816, -0.1369, -0.9738, 0, -0.7915, -0.6080, -0.0621, 0, -0.5835, 0.7821, -0.2188, 0, -5.6205, 8.2530, -46.8315, 1] },
			u_MainTex: { value: new TextureLoader().load( BASE_URL + "Light-2241cd32-8ba2-48a5-9ee7-2caef7e9ed62/Light-2241cd32-8ba2-48a5-9ee7-2caef7e9ed62-v10.0-MainTex.png",
				function (texture) {
					texture.name = "Light_MainTex";
					texture.wrapS = RepeatWrapping;
					texture.wrapT = RepeatWrapping;
					texture.flipY = false;
			    })
		    },
			u_EmissionGain: { value: 0.45 },
		},
		vertexShader: BASE_URL + "Light-2241cd32-8ba2-48a5-9ee7-2caef7e9ed62/Light-2241cd32-8ba2-48a5-9ee7-2caef7e9ed62-v10.0-vertex.glsl",
